INSERT INTO `gado` (`id`, `codigo`, `leite`, `racao`, `peso`, `situacao`, `nascimento`) VALUES
(918, 683, 64.96, 453, 803, 2, '2016-07-22'),
(195, 602, 134.3, 219, 927, 0, '2012-03-31'),
(98, 475, 71.87, 337, 900, 0, '2017-08-04'),
(84, 121, 151.8, 321, 801, 0, '2010-06-10'),
(553, 585, 15.93, 2, 373, 2, '2011-06-17'),
(573, 132, 57.31, 308, 433, 2, '2012-06-02'),
(501, 865, 177.2, 405, 480, 1, '2023-08-10'),
(194, 96, 131.62, 353, 1137, 0, '2019-12-17'),
(353, 370, 181.51, 55, 987, 2, '2023-10-08'),
(710, 12, 86.24, 137, 1410, 2, '2014-01-21'),
(615, 641, 88.41, 240, 679, 2, '2023-04-22'),
(627, 235, 185.13, 358, 477, 1, '2017-10-06'),
(525, 601, 109.93, 193, 937, 2, '2020-05-30'),
(720, 309, 65.94, 394, 778, 1, '2023-08-29'),
(810, 622, 21.75, 467, 207, 2, '2019-08-21'),
(614, 343, 120.14, 478, 876, 1, '2018-10-04'),
(298, 677, 114.17, 167, 766, 1, '2018-09-15'),
(155, 877, 113.68, 96, 387, 2, '2010-02-03'),
(797, 950, 166.41, 129, 247, 2, '2013-11-12'),
(649, 368, 118.16, 350, 408, 1, '2013-08-02'),
(560, 961, 69.74, 137, 1204, 0, '2013-09-23'),
(514, 896, 159.86, 465, 428, 1, '2017-06-28'),
(340, 364, 2.44, 74, 1128, 2, '2023-05-02'),
(208, 266, 75.78, 55, 1345, 0, '2016-08-01'),
(272, 505, 88.47, 471, 272, 2, '2015-09-25'),
(842, 704, 24.56, 302, 1140, 1, '2011-11-14'),
(997, 623, 134.61, 4, 441, 0, '2010-02-26'),
(44, 180, 0.66, 33, 583, 0, '2018-11-14'),
(895, 919, 136.12, 233, 566, 1, '2018-01-04'),
(218, 1001, 68.83, 278, 1373, 1, '2020-06-09'),
(703, 337, 171.64, 322, 310, 2, '2013-09-17'),
(31, 345, 11.61, 207, 768, 1, '2022-04-26'),
(866, 652, 87.14, 273, 1285, 1, '2014-05-29'),
(850, 571, 171.46, 330, 407, 2, '2014-11-13'),
(816, 766, 79.04, 458, 1251, 2, '2022-01-24'),
(912, 875, 143.52, 97, 528, 1, '2016-03-07'),
(270, 648, 17.57, 233, 1091, 2, '2017-02-10'),
(545, 411, 110.65, 314, 869, 2, '2020-05-18'),
(294, 164, 18.63, 381, 331, 2, '2020-08-22'),
(647, 360, 159.77, 232, 888, 0, '2016-09-27'),
(989, 50, 63.96, 388, 1080, 2, '2023-10-19'),
(3, 319, 36.16, 353, 309, 0, '2011-10-15'),
(344, 644, 66.01, 322, 298, 1, '2013-05-29'),
(300, 382, 42.72, 32, 740, 2, '2018-05-02'),
(379, 513, 82.71, 437, 1275, 1, '2018-06-01'),
(868, 263, 127.51, 254, 1312, 1, '2013-08-30'),
(827, 178, 135.04, 466, 890, 2, '2015-06-01'),
(199, 995, 1.42, 226, 467, 2, '2015-03-25'),
(134, 712, 50.39, 51, 895, 0, '2022-07-07'),
(539, 825, 183.0, 421, 674, 0, '2013-09-23'),
(481, 296, 96.22, 483, 377, 2, '2016-07-10'),
(761, 963, 36.73, 488, 1219, 0, '2022-03-21'),
(14, 293, 28.45, 239, 1202, 2, '2010-03-08'),
(13, 297, 99.94, 133, 605, 2, '2012-04-22'),
(708, 771, 90.97, 131, 865, 1, '2023-02-20'),
(676, 168, 181.97, 81, 440, 1, '2020-12-09'),
(698, 575, 131.34, 44, 1368, 2, '2021-11-11'),
(224, 759, 112.63, 177, 241, 1, '2011-11-13'),
(240, 97, 106.2, 158, 208, 0, '2021-05-19'),
(289, 553, 128.9, 135, 824, 1, '2012-03-23'),
(487, 828, 13.44, 70, 706, 0, '2013-09-03'),
(892, 634, 42.09, 468, 483, 1, '2014-02-07'),
(334, 852, 147.01, 122, 1373, 1, '2018-02-02'),
(101, 200, 148.46, 476, 765, 0, '2016-07-07'),
(820, 462, 97.74, 476, 1392, 0, '2018-09-22'),
(616, 393, 139.61, 213, 1054, 2, '2018-10-26'),
(830, 742, 141.38, 407, 902, 2, '2012-05-06'),
(519, 169, 112.77, 307, 565, 0, '2011-12-24'),
(562, 157, 87.97, 77, 297, 2, '2020-12-29'),
(536, 732, 111.58, 314, 1407, 2, '2014-11-19'),
(409, 7, 158.01, 42, 897, 1, '2015-03-01'),
(835, 965, 84.56, 10, 595, 1, '2011-04-19'),
(376, 846, 112.2, 262, 500, 1, '2018-02-14'),
(987, 396, 75.51, 141, 738, 0, '2013-07-04'),
(935, 448, 82.01, 431, 957, 0, '2023-09-04'),
(435, 270, 5.98, 162, 1110, 2, '2020-08-09'),
(831, 547, 10.79, 35, 881, 0, '2012-10-02'),
(661, 34, 23.49, 189, 1336, 1, '2011-11-07'),
(928, 534, 29.36, 56, 1227, 1, '2023-01-16'),
(326, 490, 29.0, 28, 201, 0, '2019-09-20'),
(387, 967, 9.59, 271, 466, 1, '2023-05-11'),
(721, 736, 142.41, 473, 642, 1, '2021-09-07'),
(225, 801, 119.14, 445, 1374, 2, '2023-12-24'),
(36, 853, 73.65, 81, 975, 2, '2010-04-25'),
(444, 450, 132.14, 373, 420, 1, '2020-11-08'),
(437, 838, 160.57, 292, 1203, 1, '2021-11-19'),
(145, 537, 83.73, 298, 350, 0, '2022-07-31'),
(309, 703, 96.02, 200, 774, 0, '2016-04-11'),
(579, 37, 107.89, 304, 516, 0, '2011-02-11'),
(196, 522, 109.58, 168, 425, 0, '2017-01-24'),
(449, 760, 182.22, 243, 392, 1, '2016-04-03'),
(119, 208, 162.2, 24, 1223, 2, '2014-03-29'),
(659, 341, 136.52, 324, 783, 1, '2018-03-21'),
(461, 59, 5.93, 259, 459, 0, '2015-04-29'),
(937, 647, 132.88, 365, 1084, 2, '2015-04-10'),
(375, 952, 80.66, 123, 314, 1, '2022-06-06'),
(988, 560, 172.35, 153, 631, 1, '2021-01-24'),
(339, 808, 166.2, 288, 1004, 0, '2020-04-04'),
(241, 583, 139.65, 334, 1007, 0, '2022-08-28'),
(35, 551, 10.02, 419, 972, 2, '2013-08-24'),
(767, 30, 169.16, 271, 1179, 1, '2012-03-14'),
(319, 600, 11.42, 166, 229, 1, '2017-09-11'),
(165, 187, 76.25, 382, 300, 1, '2018-05-27'),
(440, 869, 153.6, 189, 535, 2, '2019-11-01'),
(824, 874, 121.65, 336, 559, 0, '2022-12-13'),
(433, 713, 161.39, 453, 197, 2, '2023-01-12'),
(418, 162, 108.39, 192, 517, 1, '2019-01-29'),
(601, 793, 15.63, 439, 721, 0, '2015-03-08'),
(528, 873, 166.36, 223, 477, 2, '2015-03-13'),
(736, 893, 146.05, 404, 269, 0, '2019-08-15'),
(20, 834, 129.9, 304, 1000, 0, '2011-12-02'),
(287, 916, 142.84, 152, 389, 2, '2020-03-27'),
(216, 903, 36.63, 194, 840, 1, '2019-11-02'),
(357, 980, 112.45, 358, 1144, 0, '2011-06-08'),
(292, 66, 169.03, 321, 292, 0, '2013-07-18'),
(167, 651, 53.75, 51, 880, 0, '2021-09-26'),
(250, 318, 77.12, 273, 691, 2, '2023-05-20'),
(521, 682, 86.87, 399, 730, 2, '2022-10-09'),
(274, 410, 126.62, 164, 228, 2, '2010-03-19'),
(280, 977, 17.41, 292, 197, 2, '2013-11-14'),
(455, 388, 25.94, 174, 1054, 1, '2014-02-26'),
(790, 172, 79.19, 242, 1182, 0, '2022-02-08'),
(122, 936, 138.38, 498, 464, 0, '2011-05-16'),
(258, 549, 20.28, 335, 228, 0, '2014-02-07'),
(470, 525, 183.43, 217, 230, 1, '2017-09-22'),
(875, 186, 50.45, 187, 571, 2, '2023-01-13'),
(245, 999, 167.87, 27, 962, 2, '2010-06-19'),
(238, 173, 14.3, 224, 917, 0, '2010-01-20'),
(809, 430, 58.55, 469, 634, 2, '2014-07-22'),
(21, 230, 106.75, 157, 1078, 2, '2018-04-02'),
(952, 440, 64.49, 311, 885, 1, '2013-12-22'),
(142, 129, 2.13, 36, 912, 0, '2013-06-01'),
(718, 255, 60.1, 397, 1116, 2, '2017-01-15'),
(26, 491, 73.74, 256, 418, 0, '2016-08-07'),
(82, 821, 20.36, 29, 1393, 0, '2014-05-23'),
(222, 120, 89.53, 3, 1063, 0, '2023-06-19'),
(4, 882, 34.62, 133, 1289, 1, '2020-12-27'),
(593, 870, 169.37, 370, 966, 1, '2023-12-01'),
(589, 182, 24.33, 111, 448, 1, '2019-09-25'),
(623, 516, 162.09, 405, 1372, 2, '2016-12-11'),
(492, 517, 3.59, 189, 583, 1, '2012-03-09'),
(994, 680, 53.14, 365, 1346, 0, '2017-12-15'),
(236, 724, 153.26, 439, 295, 2, '2010-07-30'),
(913, 548, 13.45, 274, 1219, 1, '2011-06-11'),
(586, 859, 60.59, 19, 233, 1, '2015-04-22'),
(303, 550, 173.26, 346, 478, 2, '2017-09-24'),
(57, 657, 38.27, 308, 750, 0, '2013-03-26'),
(995, 718, 69.75, 99, 681, 0, '2017-09-13'),
(651, 268, 130.94, 329, 180, 1, '2017-04-29'),
(42, 287, 12.4, 355, 412, 1, '2016-01-07'),
(33, 728, 28.57, 3, 803, 0, '2018-12-18'),
(624, 191, 112.54, 133, 1256, 1, '2013-06-15'),
(523, 76, 124.94, 335, 956, 2, '2018-05-08'),
(454, 854, 68.02, 169, 494, 0, '2023-11-05'),
(471, 996, 154.52, 270, 770, 2, '2022-10-07'),
(628, 587, 70.65, 433, 1272, 2, '2016-06-12'),
(16, 262, 141.31, 215, 493, 0, '2019-04-05'),
(37, 17, 35.37, 54, 672, 2, '2015-03-14'),
(288, 773, 20.39, 449, 490, 0, '2022-01-31'),
(239, 500, 127.63, 497, 470, 1, '2023-04-18'),
(70, 453, 88.25, 248, 1386, 0, '2022-04-28'),
(48, 727, 55.9, 176, 535, 0, '2017-11-04'),
(754, 234, 20.32, 470, 633, 0, '2018-01-16'),
(814, 618, 81.57, 165, 1129, 2, '2014-10-27'),
(203, 229, 37.43, 255, 1015, 2, '2014-05-15'),
(700, 438, 118.15, 476, 408, 1, '2019-08-21'),
(898, 953, 56.69, 368, 643, 2, '2015-06-22'),
(316, 624, 79.55, 190, 793, 0, '2012-08-12'),
(785, 55, 9.8, 406, 162, 2, '2016-08-25'),
(640, 663, 129.62, 355, 1392, 2, '2011-03-31'),
(826, 817, 162.87, 271, 1058, 2, '2018-10-17'),
(333, 661, 7.4, 233, 444, 0, '2018-01-15'),
(564, 482, 92.01, 471, 251, 0, '2021-08-13'),
(787, 95, 80.06, 323, 1203, 1, '2023-09-21'),
(89, 720, 29.24, 344, 505, 2, '2018-07-06'),
(874, 481, 147.61, 82, 832, 2, '2020-02-28'),
(903, 636, 134.89, 474, 712, 0, '2010-03-07'),
(317, 444, 133.91, 145, 1284, 2, '2023-10-03'),
(862, 579, 75.84, 310, 258, 2, '2014-12-10'),
(561, 338, 44.85, 441, 1273, 0, '2021-06-11'),
(655, 91, 61.23, 436, 435, 1, '2018-01-22'),
(530, 824, 99.16, 98, 1183, 0, '2018-10-03'),
(210, 564, 5.93, 337, 289, 0, '2015-02-19'),
(267, 698, 153.41, 165, 597, 0, '2011-01-19'),
(450, 335, 60.9, 273, 311, 0, '2013-05-19'),
(744, 862, 160.91, 295, 263, 2, '2018-10-12'),
(231, 769, 35.21, 123, 746, 2, '2021-11-09'),
(804, 813, 90.4, 299, 1082, 2, '2013-05-06'),
(354, 344, 116.29, 90, 1377, 0, '2013-08-10'),
(112, 672, 173.42, 239, 777, 0, '2017-11-14'),
(313, 258, 117.31, 406, 1078, 0, '2023-02-26'),
(964, 245, 63.51, 405, 984, 1, '2015-11-28'),
(424, 812, 113.24, 217, 621, 1, '2018-04-14'),
(380, 892, 137.27, 267, 1190, 1, '2012-05-01'),
(636, 929, 95.99, 424, 1269, 2, '2018-12-08'),
(503, 89, 32.18, 445, 687, 2, '2023-03-06'),
(632, 54, 101.06, 331, 519, 1, '2011-03-05'),
(479, 780, 149.88, 42, 496, 2, '2014-07-15'),
(950, 193, 4.4, 119, 1222, 2, '2010-03-04'),
(773, 403, 81.33, 152, 342, 0, '2011-04-09'),
(851, 770, 166.71, 156, 984, 2, '2021-11-20'),
(502, 535, 121.49, 256, 811, 1, '2018-04-19'),
(262, 839, 25.12, 26, 349, 1, '2015-08-20'),
(883, 792, 106.22, 332, 1209, 0, '2023-01-02'),
(584, 791, 5.48, 48, 1338, 0, '2012-12-10'),
(702, 881, 20.37, 298, 532, 2, '2013-03-20'),
(954, 167, 78.35, 14, 913, 1, '2016-11-20'),
(716, 515, 182.77, 359, 778, 0, '2011-11-22'),
(34, 285, 35.13, 124, 1321, 0, '2018-04-03'),
(905, 420, 181.61, 151, 208, 0, '2017-04-16'),
(879, 189, 43.71, 297, 774, 2, '2011-04-05'),
(784, 29, 96.96, 346, 547, 1, '2020-06-01'),
(756, 461, 137.82, 421, 199, 2, '2014-11-21'),
(275, 913, 73.85, 175, 709, 1, '2023-04-11'),
(126, 866, 122.56, 134, 449, 2, '2018-03-10'),
(187, 400, 36.76, 153, 743, 2, '2012-07-18'),
(880, 190, 85.25, 195, 1161, 2, '2021-07-15'),
(611, 20, 85.78, 458, 727, 0, '2015-06-09'),
(811, 530, 88.98, 392, 179, 1, '2017-06-18'),
(707, 693, 109.36, 144, 538, 1, '2015-04-20'),
(107, 927, 166.97, 275, 691, 2, '2019-10-17'),
(642, 14, 94.88, 285, 1328, 1, '2017-11-23'),
(794, 31, 82.83, 170, 820, 2, '2021-05-26'),
(750, 915, 21.48, 358, 684, 2, '2010-02-11'),
(312, 383, 92.34, 343, 1141, 0, '2013-02-07'),
(144, 847, 126.16, 32, 1027, 0, '2020-10-17'),
(900, 992, 66.61, 59, 1214, 1, '2022-07-11'),
(494, 908, 179.67, 247, 674, 2, '2011-08-28'),
(925, 835, 141.04, 3, 653, 2, '2016-02-16'),
(79, 218, 11.47, 462, 784, 1, '2010-12-31'),
(646, 72, 108.2, 260, 1335, 0, '2019-03-11'),
(569, 608, 91.7, 187, 1216, 2, '2013-05-07'),
(172, 811, 150.71, 191, 266, 2, '2016-11-13'),
(740, 690, 85.23, 292, 749, 1, '2020-04-03'),
(670, 222, 96.97, 75, 1091, 0, '2023-10-08'),
(308, 506, 68.73, 400, 942, 1, '2014-02-01'),
(190, 928, 37.84, 391, 959, 2, '2013-08-02'),
(638, 578, 99.19, 70, 412, 0, '2022-09-25'),
(443, 176, 135.22, 457, 492, 1, '2021-11-24'),
(493, 848, 159.09, 354, 227, 0, '2015-10-03'),
(23, 665, 126.6, 225, 390, 0, '2017-12-27'),
(207, 126, 0.32, 37, 316, 1, '2010-11-12'),
(446, 860, 72.55, 138, 429, 2, '2012-06-10'),
(356, 917, 147.87, 51, 1089, 0, '2019-02-09'),
(248, 366, 73.02, 72, 218, 2, '2014-03-20'),
(18, 464, 154.52, 204, 688, 2, '2015-04-20'),
(906, 18, 56.59, 446, 488, 2, '2019-07-17'),
(885, 279, 154.38, 68, 414, 1, '2013-11-22'),
(663, 797, 69.02, 397, 990, 2, '2022-05-11'),
(399, 667, 144.21, 208, 875, 2, '2020-08-29'),
(279, 685, 117.69, 152, 783, 1, '2010-02-05'),
(509, 684, 59.62, 452, 504, 1, '2015-08-12'),
(856, 599, 57.17, 272, 197, 1, '2020-11-25'),
(517, 429, 133.1, 263, 862, 1, '2010-11-03'),
(873, 348, 42.63, 181, 392, 1, '2015-01-22'),
(732, 749, 23.91, 342, 739, 1, '2010-03-27'),
(138, 714, 25.85, 281, 338, 2, '2018-10-22'),
(666, 301, 13.13, 86, 1120, 1, '2021-08-01'),
(855, 267, 143.84, 55, 664, 0, '2017-06-15'),
(374, 439, 184.79, 183, 197, 1, '2022-11-19'),
(563, 495, 13.12, 30, 705, 0, '2014-09-26'),
(583, 964, 158.0, 171, 550, 1, '2016-01-30'),
(608, 819, 14.32, 56, 452, 1, '2018-09-25'),
(876, 807, 138.67, 246, 817, 0, '2023-09-08'),
(50, 885, 34.85, 46, 1369, 0, '2017-07-27'),
(946, 740, 42.26, 188, 421, 0, '2019-08-01'),
(933, 697, 148.54, 327, 807, 1, '2020-02-27'),
(625, 985, 69.08, 190, 200, 2, '2021-02-06'),
(609, 93, 164.55, 358, 1260, 0, '2011-08-14'),
(934, 195, 184.07, 179, 1089, 2, '2021-12-17'),
(475, 433, 2.63, 67, 1345, 0, '2010-12-24'),
(630, 597, 48.07, 500, 1070, 1, '2016-05-10'),
(136, 840, 171.52, 348, 1291, 1, '2017-05-30'),
(753, 414, 64.67, 288, 252, 0, '2023-04-18'),
(859, 511, 156.43, 160, 1186, 2, '2010-08-05'),
(495, 920, 137.58, 183, 311, 1, '2018-07-14'),
(821, 864, 8.5, 6, 1105, 0, '2016-05-22'),
(445, 722, 131.75, 85, 754, 2, '2017-08-07'),
(974, 897, 95.34, 452, 425, 1, '2012-03-20'),
(662, 640, 172.79, 33, 215, 0, '2016-08-09'),
(887, 563, 157.29, 483, 320, 2, '2012-03-16'),
(961, 562, 16.82, 1, 1225, 1, '2020-02-17'),
(232, 153, 131.12, 197, 750, 1, '2015-06-08'),
(999, 298, 49.18, 245, 418, 2, '2015-10-27'),
(863, 452, 177.08, 466, 1060, 2, '2012-06-04'),
(369, 24, 78.98, 0, 541, 1, '2013-09-07'),
(253, 202, 42.8, 8, 1156, 0, '2018-06-17'),
(65, 944, 105.8, 27, 838, 1, '2020-02-26'),
(130, 45, 176.86, 109, 1138, 0, '2012-09-09'),
(806, 94, 37.03, 230, 1397, 1, '2019-06-17'),
(63, 633, 164.59, 275, 879, 0, '2018-05-26'),
(466, 286, 110.99, 173, 1116, 1, '2015-07-13'),
(568, 399, 73.27, 232, 1302, 1, '2023-06-16'),
(314, 804, 169.35, 241, 216, 2, '2018-09-26'),
(458, 437, 142.5, 348, 1125, 1, '2015-10-17'),
(476, 867, 14.64, 484, 731, 2, '2010-08-17'),
(864, 357, 19.35, 212, 748, 2, '2011-12-03'),
(577, 631, 155.01, 466, 378, 1, '2012-08-27'),
(371, 73, 110.5, 182, 240, 1, '2012-09-28'),
(971, 183, 11.08, 161, 760, 2, '2015-05-14'),
(76, 10, 89.42, 205, 395, 2, '2022-04-07'),
(763, 789, 72.41, 447, 282, 1, '2018-02-14'),
(699, 723, 43.54, 447, 163, 0, '2012-05-19'),
(38, 787, 58.16, 86, 911, 0, '2021-09-09'),
(113, 930, 183.49, 137, 1286, 1, '2020-01-11'),
(757, 306, 162.49, 126, 650, 1, '2019-07-04'),
(717, 610, 152.9, 5, 1156, 2, '2023-04-01'),
(19, 467, 16.14, 418, 370, 2, '2011-10-16'),
(459, 686, 88.4, 87, 526, 2, '2010-11-06'),
(237, 27, 54.58, 82, 489, 2, '2011-10-02'),
(737, 455, 158.08, 454, 621, 0, '2010-05-07'),
(81, 102, 53.01, 484, 413, 0, '2020-04-19'),
(951, 80, 51.8, 448, 198, 0, '2010-11-24'),
(968, 226, 86.0, 146, 277, 0, '2011-12-28'),
(970, 705, 39.39, 483, 880, 0, '2021-12-28'),
(738, 476, 147.45, 353, 523, 1, '2012-04-08'),
(405, 993, 49.42, 3, 416, 0, '2022-10-10'),
(477, 483, 185.72, 473, 1263, 0, '2013-10-03'),
(998, 526, 143.76, 482, 509, 0, '2018-02-10'),
(359, 304, 185.05, 109, 342, 1, '2022-09-28'),
(390, 741, 35.73, 464, 1334, 0, '2021-05-07'),
(780, 494, 92.95, 32, 1027, 1, '2015-01-09'),
(367, 555, 150.45, 79, 904, 0, '2015-05-19'),
(388, 966, 73.56, 494, 715, 0, '2015-01-05'),
(102, 681, 4.31, 255, 1099, 0, '2018-03-22'),
(9, 673, 18.87, 341, 948, 2, '2013-05-28'),
(179, 82, 61.05, 395, 1151, 2, '2016-08-12'),
(656, 322, 176.72, 417, 877, 0, '2023-09-04'),
(282, 826, 11.92, 457, 659, 2, '2017-08-30'),
(846, 924, 121.44, 279, 1151, 0, '2023-04-09'),
(10, 331, 154.35, 396, 641, 0, '2021-10-07'),
(805, 377, 134.47, 172, 343, 2, '2019-04-12'),
(348, 763, 111.89, 23, 284, 2, '2015-07-16'),
(634, 40, 185.89, 416, 1177, 2, '2013-01-15'),
(257, 371, 161.61, 277, 1385, 0, '2018-07-28'),
(68, 350, 63.36, 273, 628, 2, '2016-05-14'),
(924, 538, 30.39, 39, 921, 1, '2010-12-07'),
(480, 751, 178.41, 484, 1332, 1, '2019-02-23'),
(552, 418, 176.03, 177, 556, 0, '2016-03-25'),
(159, 466, 86.28, 152, 701, 0, '2016-01-16'),
(74, 532, 166.55, 216, 1336, 2, '2011-02-09'),
(174, 876, 123.64, 41, 450, 0, '2021-05-03'),
(635, 561, 109.83, 62, 1404, 2, '2015-04-30'),
(331, 806, 51.94, 142, 642, 1, '2018-08-24'),
(137, 125, 9.31, 319, 560, 0, '2010-12-12'),
(465, 179, 54.83, 235, 1012, 2, '2021-08-02'),
(423, 572, 72.05, 36, 815, 1, '2023-06-28'),
(431, 320, 14.65, 374, 1015, 1, '2020-10-19'),
(482, 594, 85.09, 67, 555, 0, '2018-05-17'),
(419, 209, 181.86, 394, 521, 0, '2013-07-16'),
(891, 177, 178.07, 335, 1183, 0, '2012-03-01'),
(743, 776, 54.61, 413, 1222, 2, '2023-04-17'),
(834, 160, 119.21, 259, 1149, 0, '2022-08-09'),
(722, 604, 101.43, 493, 1114, 0, '2012-01-02'),
(281, 479, 125.77, 314, 760, 0, '2010-08-07'),
(223, 269, 44.84, 205, 562, 1, '2020-06-26'),
(839, 402, 32.82, 418, 1159, 0, '2018-07-02'),
(382, 154, 85.03, 484, 549, 2, '2021-11-22'),
(363, 868, 113.61, 336, 334, 0, '2013-10-11'),
(220, 911, 163.95, 59, 1359, 0, '2023-10-27'),
(17, 237, 87.02, 169, 1199, 2, '2020-12-27'),
(49, 146, 19.98, 383, 1176, 0, '2013-07-24'),
(2, 406, 182.13, 87, 1022, 2, '2013-06-09'),
(570, 833, 66.55, 349, 595, 2, '2023-01-07'),
(99, 340, 126.56, 93, 1338, 0, '2021-09-07'),
(264, 655, 133.34, 312, 644, 2, '2023-03-28'),
(967, 359, 102.15, 306, 420, 2, '2017-06-22'),
(802, 145, 26.87, 266, 1096, 1, '2012-07-12'),
(302, 419, 111.28, 205, 310, 1, '2021-07-28'),
(741, 901, 110.79, 314, 1233, 0, '2017-01-30'),
(402, 175, 152.79, 273, 358, 1, '2017-08-13'),
(936, 921, 163.24, 26, 524, 1, '2020-08-01'),
(452, 116, 100.41, 116, 478, 2, '2013-04-23'),
(535, 486, 117.05, 318, 502, 0, '2023-12-25'),
(432, 362, 24.44, 89, 1368, 2, '2016-03-22'),
(631, 504, 43.07, 493, 685, 2, '2018-12-29'),
(559, 351, 83.76, 465, 1175, 0, '2013-10-28'),
(62, 299, 123.61, 12, 699, 1, '2022-03-19'),
(667, 605, 4.65, 141, 1009, 2, '2017-12-11'),
(226, 802, 51.04, 416, 220, 1, '2019-08-13'),
(293, 907, 185.62, 497, 1306, 2, '2021-11-10'),
(782, 149, 19.73, 4, 1096, 1, '2023-09-15'),
(728, 372, 75.41, 64, 1330, 1, '2014-09-01'),
(462, 559, 103.51, 395, 729, 0, '2014-04-08'),
(157, 884, 69.25, 456, 1017, 0, '2024-01-09'),
(558, 375, 174.07, 74, 1196, 0, '2010-05-08'),
(953, 451, 39.35, 190, 1265, 0, '2020-12-05'),
(872, 849, 160.54, 106, 701, 0, '2019-07-11'),
(46, 558, 83.33, 289, 910, 1, '2010-04-12'),
(752, 70, 82.88, 242, 798, 2, '2019-10-04'),
(284, 489, 159.47, 87, 1214, 2, '2015-03-08'),
(30, 701, 125.2, 480, 951, 0, '2014-05-17'),
(551, 48, 140.13, 373, 753, 2, '2013-04-13'),
(735, 387, 90.46, 24, 1155, 2, '2020-11-30'),
(58, 1, 77.57, 9, 437, 2, '2022-05-31'),
(80, 473, 112.21, 105, 919, 0, '2018-08-11'),
(571, 528, 63.73, 137, 634, 0, '2023-07-07'),
(594, 447, 83.21, 186, 794, 1, '2021-04-24'),
(886, 533, 164.98, 252, 1012, 2, '2014-03-31'),
(652, 174, 82.12, 186, 1163, 2, '2011-05-23'),
(496, 424, 118.36, 274, 1067, 0, '2022-01-09'),
(683, 64, 38.63, 269, 674, 1, '2018-07-15'),
(595, 552, 56.35, 373, 788, 1, '2014-08-14'),
(690, 990, 84.05, 189, 520, 1, '2017-04-26'),
(473, 152, 29.39, 311, 643, 0, '2014-11-14'),
(197, 923, 21.38, 82, 1263, 1, '2017-07-20'),
(436, 645, 36.29, 364, 300, 0, '2011-08-10'),
(395, 637, 32.2, 452, 595, 0, '2020-07-10'),
(836, 942, 87.93, 424, 226, 1, '2013-08-21'),
(311, 188, 47.84, 57, 1338, 2, '2014-01-11'),
(438, 531, 134.13, 303, 748, 2, '2012-07-21'),
(542, 973, 10.38, 20, 884, 1, '2022-06-05'),
(575, 398, 7.25, 443, 1135, 1, '2023-06-20'),
(268, 300, 15.01, 449, 543, 1, '2014-09-16'),
(94, 519, 3.74, 490, 1124, 0, '2021-02-09'),
(807, 16, 65.41, 24, 260, 0, '2014-03-26'),
(177, 303, 150.92, 235, 1062, 2, '2017-08-15'),
(373, 781, 103.63, 289, 583, 1, '2017-08-18'),
(582, 496, 11.29, 48, 1218, 0, '2018-10-12'),
(472, 527, 126.04, 37, 867, 2, '2018-01-31'),
(332, 598, 73.7, 156, 397, 1, '2013-04-20'),
(66, 46, 55.52, 19, 1219, 1, '2018-04-30'),
(853, 405, 107.55, 20, 1196, 1, '2011-04-07'),
(143, 271, 27.44, 205, 922, 2, '2017-05-07'),
(543, 692, 158.9, 148, 250, 2, '2012-12-18'),
(183, 417, 161.88, 465, 857, 0, '2016-11-21'),
(920, 577, 182.13, 472, 185, 2, '2021-01-29'),
(173, 926, 67.92, 364, 634, 0, '2011-12-15'),
(679, 574, 102.34, 227, 719, 1, '2018-10-12'),
(726, 521, 7.06, 318, 671, 0, '2017-10-08'),
(271, 539, 118.98, 406, 928, 2, '2023-11-15'),
(400, 879, 154.38, 492, 770, 0, '2016-09-26'),
(941, 122, 163.32, 121, 861, 2, '2021-03-19'),
(664, 492, 34.19, 80, 748, 0, '2023-01-26'),
(796, 356, 65.91, 475, 542, 1, '2023-04-04'),
(416, 390, 42.72, 282, 1214, 2, '2012-09-23'),
(938, 743, 26.18, 356, 819, 1, '2015-02-23'),
(358, 217, 173.36, 12, 1068, 0, '2019-09-13'),
(693, 621, 85.73, 500, 808, 2, '2021-05-15'),
(729, 508, 0.42, 192, 656, 0, '2011-12-08'),
(355, 384, 28.88, 146, 730, 1, '2015-04-23'),
(307, 5, 115.06, 352, 201, 2, '2013-12-21'),
(819, 386, 45.03, 261, 375, 2, '2023-01-31'),
(591, 941, 86.23, 214, 1135, 0, '2010-05-31'),
(414, 904, 131.88, 198, 1134, 0, '2012-09-12'),
(463, 332, 17.5, 25, 453, 2, '2020-04-25'),
(75, 948, 63.16, 263, 1076, 1, '2018-10-17'),
(365, 889, 48.22, 47, 999, 2, '2011-04-16'),
(877, 106, 184.94, 467, 226, 1, '2022-02-22'),
(633, 746, 167.7, 27, 277, 2, '2023-04-21'),
(963, 409, 122.76, 209, 1159, 2, '2021-04-15'),
(156, 477, 83.01, 426, 359, 0, '2016-07-02'),
(742, 709, 183.48, 157, 449, 2, '2021-10-13'),
(115, 814, 42.15, 141, 846, 2, '2012-03-29'),
(72, 891, 98.57, 176, 811, 0, '2012-04-07'),
(366, 325, 106.19, 205, 1206, 0, '2013-08-03'),
(468, 592, 174.18, 178, 826, 0, '2010-03-22'),
(413, 124, 38.87, 490, 951, 0, '2012-09-06'),
(500, 971, 126.49, 261, 418, 0, '2013-01-25'),
(621, 638, 56.3, 275, 560, 0, '2021-07-28'),
(140, 58, 52.03, 320, 728, 2, '2016-04-02'),
(489, 764, 84.48, 222, 1310, 1, '2018-12-19'),
(105, 989, 76.76, 31, 299, 1, '2020-03-20'),
(263, 78, 152.43, 107, 922, 0, '2012-04-28'),
(389, 493, 40.82, 146, 1292, 0, '2016-11-06'),
(422, 715, 43.58, 169, 168, 0, '2019-11-06'),
(769, 554, 44.5, 470, 882, 2, '2012-03-11'),
(948, 2, 22.32, 229, 730, 2, '2021-09-23'),
(315, 342, 163.44, 4, 495, 0, '2012-02-02'),
(266, 227, 63.44, 263, 838, 0, '2014-11-30'),
(242, 666, 36.09, 377, 433, 1, '2016-02-18'),
(837, 654, 0.4, 241, 1158, 1, '2011-12-01'),
(330, 428, 88.03, 448, 497, 2, '2017-12-24'),
(665, 784, 95.92, 142, 396, 1, '2018-04-08'),
(852, 514, 52.89, 240, 530, 0, '2018-10-03'),
(798, 790, 156.21, 408, 789, 2, '2023-08-20'),
(534, 361, 123.73, 331, 916, 0, '2015-03-21'),
(725, 53, 145.26, 91, 666, 1, '2014-03-13'),
(335, 273, 128.03, 170, 486, 2, '2014-11-05'),
(557, 365, 83.72, 348, 657, 0, '2012-04-26'),
(921, 850, 66.97, 330, 759, 2, '2023-05-16'),
(889, 457, 173.29, 442, 514, 0, '2016-01-10'),
(27, 207, 153.02, 211, 1216, 0, '2013-12-31'),
(840, 161, 134.12, 308, 425, 2, '2022-06-29'),
(278, 816, 165.0, 395, 544, 0, '2016-07-22'),
(175, 731, 137.32, 208, 1192, 1, '2011-11-07'),
(672, 815, 115.52, 291, 1300, 0, '2017-06-09'),
(893, 404, 68.21, 45, 1034, 1, '2021-05-01'),
(164, 837, 94.51, 69, 916, 0, '2014-08-26'),
(132, 373, 63.6, 314, 477, 2, '2016-12-14'),
(847, 327, 168.54, 198, 1086, 0, '2018-04-13'),
(51, 275, 48.88, 141, 698, 1, '2023-02-19'),
(985, 201, 135.43, 326, 908, 0, '2023-02-03'),
(841, 308, 123.39, 407, 650, 1, '2020-01-15'),
(749, 113, 69.25, 344, 1180, 0, '2021-09-27'),
(430, 346, 7.64, 271, 899, 2, '2022-09-02'),
(520, 895, 16.45, 86, 392, 0, '2010-12-01'),
(580, 242, 85.27, 158, 243, 1, '2011-11-17'),
(746, 629, 123.6, 22, 1025, 1, '2010-12-23'),
(200, 541, 174.26, 29, 240, 0, '2018-05-25'),
(904, 959, 63.25, 179, 201, 1, '2021-08-01'),
(202, 379, 157.24, 75, 930, 2, '2015-07-21'),
(485, 910, 26.76, 210, 663, 2, '2010-07-24'),
(244, 197, 100.98, 151, 1202, 0, '2010-08-24'),
(857, 194, 173.14, 364, 1012, 0, '2011-04-29'),
(73, 962, 63.49, 482, 546, 2, '2015-04-29'),
(490, 470, 117.8, 263, 786, 1, '2021-07-26'),
(345, 935, 3.77, 148, 907, 1, '2012-07-06'),
(407, 649, 167.76, 42, 1116, 1, '2021-08-10'),
(772, 974, 83.95, 474, 388, 1, '2015-10-09'),
(917, 573, 128.14, 76, 1150, 0, '2020-12-15'),
(644, 501, 2.67, 393, 1376, 1, '2014-10-27'),
(755, 260, 125.76, 296, 740, 2, '2018-02-03'),
(182, 68, 109.76, 254, 284, 1, '2014-01-16'),
(127, 898, 150.23, 466, 198, 1, '2017-10-09'),
(219, 809, 149.74, 225, 1224, 2, '2021-12-04'),
(488, 250, 98.28, 455, 676, 0, '2023-03-21'),
(149, 945, 11.72, 227, 1308, 1, '2021-07-19'),
(899, 445, 53.84, 354, 224, 0, '2011-09-05'),
(603, 786, 83.41, 248, 1227, 2, '2011-05-11'),
(498, 261, 173.83, 47, 243, 1, '2022-08-14'),
(158, 90, 26.25, 427, 258, 1, '2019-10-18'),
(945, 265, 38.66, 251, 662, 1, '2021-02-07'),
(269, 413, 107.0, 431, 1236, 0, '2018-07-05'),
(695, 706, 152.03, 440, 855, 1, '2012-10-14'),
(522, 590, 101.53, 48, 903, 2, '2015-11-22'),
(456, 6, 79.85, 292, 1021, 1, '2014-11-13'),
(812, 934, 112.42, 265, 1134, 1, '2012-10-21'),
(56, 543, 35.86, 121, 389, 2, '2017-01-27'),
(324, 277, 10.43, 212, 732, 0, '2018-10-30'),
(926, 311, 54.37, 81, 1334, 0, '2022-06-23'),
(415, 39, 89.52, 107, 578, 0, '2018-02-18'),
(442, 358, 93.71, 228, 1079, 2, '2020-07-02'),
(28, 969, 4.75, 107, 567, 0, '2012-10-02'),
(425, 843, 74.8, 142, 1283, 0, '2012-10-07'),
(980, 256, 56.17, 12, 553, 0, '2017-11-23'),
(92, 133, 92.87, 91, 596, 1, '2020-01-05'),
(486, 92, 38.12, 215, 1112, 1, '2016-05-11'),
(973, 159, 121.53, 9, 670, 2, '2021-07-27'),
(59, 798, 84.66, 83, 872, 1, '2016-08-29'),
(305, 612, 60.24, 443, 630, 2, '2017-11-24'),
(128, 334, 133.21, 449, 573, 2, '2017-08-20'),
(969, 15, 52.26, 461, 981, 1, '2022-06-27'),
(845, 894, 10.4, 42, 1216, 2, '2021-06-05'),
(801, 99, 156.93, 260, 243, 0, '2018-06-03'),
(984, 509, 78.32, 303, 990, 2, '2017-10-02'),
(381, 22, 47.92, 23, 500, 1, '2021-06-23'),
(843, 691, 127.65, 319, 583, 0, '2015-11-10'),
(930, 556, 53.93, 457, 1140, 1, '2011-05-16'),
(673, 127, 153.16, 15, 819, 1, '2018-12-26'),
(277, 687, 55.67, 404, 860, 0, '2015-12-14'),
(724, 818, 138.18, 491, 161, 1, '2022-11-13'),
(77, 997, 96.46, 365, 1112, 0, '2021-10-29'),
(276, 754, 25.08, 312, 1407, 1, '2018-03-12'),
(209, 710, 145.92, 214, 281, 2, '2013-03-11'),
(894, 291, 119.65, 60, 340, 0, '2023-09-14'),
(818, 385, 133.26, 48, 1330, 0, '2015-04-24'),
(793, 733, 130.62, 429, 1121, 2, '2017-08-09'),
(687, 619, 127.06, 127, 1383, 1, '2012-04-16'),
(318, 943, 56.11, 474, 1241, 2, '2019-12-15'),
(406, 71, 64.91, 357, 923, 2, '2015-03-04'),
(178, 163, 27.66, 103, 1187, 1, '2021-04-07'),
(978, 855, 66.62, 339, 1290, 2, '2014-03-11'),
(789, 367, 170.95, 443, 951, 2, '2018-10-27'),
(765, 397, 129.62, 456, 441, 2, '2015-07-15'),
(908, 581, 29.25, 387, 762, 0, '2017-09-27'),
(327, 582, 171.08, 291, 1391, 1, '2014-11-08'),
(914, 991, 81.26, 261, 944, 2, '2011-09-02'),
(5, 465, 160.12, 490, 1098, 0, '2019-01-09'),
(478, 408, 70.49, 247, 613, 0, '2014-04-01'),
(426, 880, 9.0, 500, 244, 1, '2021-09-03'),
(907, 707, 48.05, 213, 1111, 1, '2023-04-26'),
(364, 536, 2.88, 188, 639, 2, '2021-08-02'),
(15, 442, 86.46, 86, 804, 1, '2015-09-14'),
(991, 568, 48.19, 449, 537, 0, '2015-04-14'),
(120, 987, 171.9, 30, 1325, 2, '2015-01-11'),
(548, 863, 54.66, 444, 488, 0, '2023-09-14'),
(397, 830, 120.83, 352, 638, 1, '2020-04-22'),
(109, 646, 87.81, 304, 1175, 2, '2016-06-01'),
(204, 276, 66.45, 170, 1100, 0, '2021-07-10'),
(235, 609, 161.54, 411, 910, 2, '2020-05-03'),
(957, 280, 5.34, 492, 1174, 2, '2011-09-01'),
(778, 925, 41.43, 124, 243, 1, '2011-12-05'),
(678, 13, 12.21, 1, 1302, 0, '2020-04-04'),
(29, 856, 20.14, 276, 454, 1, '2016-07-01'),
(730, 28, 141.94, 109, 873, 0, '2010-07-19'),
(992, 431, 7.22, 452, 320, 2, '2019-09-20'),
(505, 567, 137.35, 276, 849, 0, '2014-07-06'),
(117, 317, 51.55, 266, 183, 0, '2015-01-17'),
(854, 110, 167.58, 318, 1038, 2, '2021-10-24'),
(960, 86, 90.92, 466, 228, 2, '2015-10-05'),
(411, 192, 125.68, 438, 784, 1, '2019-09-05'),
(154, 955, 159.85, 464, 245, 0, '2022-04-22'),
(141, 328, 141.87, 499, 498, 2, '2022-02-13'),
(714, 26, 127.25, 316, 310, 1, '2018-05-03'),
(919, 906, 88.8, 27, 337, 1, '2021-09-14'),
(108, 436, 155.35, 212, 615, 2, '2010-11-28'),
(252, 69, 122.05, 192, 998, 1, '2020-07-17'),
(572, 730, 20.05, 448, 315, 1, '2019-08-15'),
(45, 939, 30.88, 211, 828, 2, '2017-10-13'),
(739, 956, 181.55, 204, 1335, 0, '2018-01-29'),
(792, 662, 88.67, 47, 252, 2, '2017-02-08'),
(544, 735, 70.87, 99, 380, 0, '2017-09-18'),
(180, 394, 0.97, 393, 368, 0, '2017-11-15'),
(412, 914, 163.36, 450, 534, 1, '2016-12-24'),
(897, 41, 183.34, 311, 1327, 0, '2011-10-25'),
(41, 251, 91.08, 269, 637, 0, '2019-06-10'),
(111, 305, 157.28, 467, 803, 1, '2010-05-27'),
(779, 128, 135.41, 472, 240, 2, '2012-04-18'),
(588, 783, 69.9, 461, 963, 1, '2011-12-29'),
(783, 711, 63.33, 255, 559, 1, '2010-02-07'),
(123, 119, 4.23, 384, 338, 1, '2020-01-03'),
(931, 518, 10.44, 42, 499, 1, '2011-03-08'),
(629, 389, 128.24, 18, 899, 1, '2020-04-14'),
(246, 932, 7.91, 427, 1172, 0, '2010-09-20'),
(460, 674, 61.15, 413, 239, 2, '2021-11-13'),
(532, 725, 144.22, 353, 1108, 0, '2023-08-31'),
(675, 755, 165.41, 86, 368, 2, '2012-02-17'),
(654, 446, 118.22, 317, 362, 0, '2014-08-14'),
(60, 912, 175.44, 292, 1152, 0, '2017-01-16'),
(597, 542, 149.23, 279, 651, 0, '2014-12-12'),
(483, 739, 82.28, 223, 1377, 1, '2011-04-18'),
(813, 591, 133.91, 281, 604, 1, '2018-03-13'),
(620, 871, 160.55, 27, 387, 0, '2012-03-18'),
(53, 729, 154.71, 383, 996, 0, '2016-11-08'),
(823, 170, 8.45, 457, 1079, 0, '2010-11-10'),
(650, 323, 133.43, 356, 170, 0, '2010-05-24'),
(484, 972, 99.98, 132, 420, 0, '2019-12-16'),
(186, 443, 150.98, 29, 827, 0, '2015-06-04'),
(168, 520, 41.17, 49, 1334, 2, '2015-02-13'),
(775, 295, 168.74, 233, 1191, 0, '2010-09-04'),
(513, 47, 101.39, 298, 459, 0, '2022-05-03'),
(510, 231, 20.99, 287, 745, 1, '2022-11-25'),
(285, 283, 7.13, 149, 226, 1, '2015-03-12'),
(147, 376, 36.24, 51, 644, 2, '2010-11-05'),
(401, 248, 17.04, 253, 411, 0, '2019-08-10'),
(170, 588, 137.87, 366, 1001, 2, '2015-07-02'),
(96, 937, 128.39, 267, 371, 0, '2019-05-28'),
(549, 778, 69.79, 444, 293, 2, '2021-11-20'),
(531, 975, 123.91, 470, 270, 0, '2013-11-29'),
(705, 857, 175.27, 87, 395, 2, '2011-10-07'),
(555, 165, 182.79, 183, 636, 0, '2023-09-16'),
(163, 355, 143.38, 253, 660, 0, '2023-12-16'),
(230, 584, 58.64, 426, 1294, 2, '2010-09-09'),
(747, 788, 108.12, 177, 227, 1, '2010-01-30'),
(768, 970, 161.48, 229, 762, 0, '2020-06-08'),
(171, 888, 147.56, 64, 1097, 0, '2014-03-17'),
(858, 115, 5.68, 167, 820, 0, '2010-06-25'),
(803, 88, 84.29, 374, 1293, 2, '2013-03-29'),
(474, 546, 108.22, 352, 667, 2, '2010-05-26'),
(39, 803, 71.74, 346, 381, 1, '2020-03-05'),
(829, 272, 101.72, 397, 440, 0, '2016-10-04'),
(189, 199, 148.43, 24, 899, 2, '2020-09-15'),
(861, 136, 7.0, 379, 1246, 0, '2021-05-01'),
(977, 872, 150.07, 492, 622, 1, '2010-08-09'),
(981, 632, 116.59, 446, 397, 2, '2019-01-23'),
(304, 137, 133.39, 299, 865, 2, '2021-08-17'),
(325, 981, 34.6, 312, 1377, 2, '2014-03-20'),
(986, 259, 100.32, 115, 931, 2, '2010-03-20'),
(100, 986, 69.06, 206, 400, 2, '2021-04-10'),
(927, 670, 185.29, 17, 1144, 1, '2015-07-20'),
(185, 87, 124.68, 287, 452, 1, '2020-10-12'),
(421, 557, 19.92, 450, 1384, 1, '2014-05-14'),
(958, 454, 136.31, 94, 219, 0, '2017-11-11'),
(653, 474, 132.11, 415, 242, 1, '2012-04-30'),
(386, 4, 73.58, 411, 989, 2, '2023-12-19'),
(265, 435, 99.34, 61, 1060, 1, '2014-01-02'),
(715, 158, 29.04, 455, 903, 1, '2020-05-08'),
(731, 241, 126.39, 365, 1326, 2, '2016-09-05'),
(602, 529, 150.65, 198, 883, 2, '2022-10-26'),
(383, 954, 84.18, 415, 1263, 0, '2011-03-03'),
(146, 369, 86.43, 107, 762, 1, '2017-03-16'),
(103, 353, 57.31, 329, 648, 0, '2022-10-04'),
(902, 21, 90.68, 174, 556, 1, '2019-01-11'),
(610, 434, 39.49, 4, 732, 2, '2013-10-12'),
(959, 43, 99.71, 335, 894, 0, '2018-12-29'),
(320, 220, 21.9, 334, 1098, 1, '2015-01-16'),
(439, 155, 69.21, 69, 868, 2, '2018-01-13'),
(993, 615, 34.6, 386, 1221, 0, '2016-02-10'),
(329, 716, 116.35, 18, 259, 0, '2010-09-16'),
(844, 252, 46.78, 329, 782, 0, '2021-10-16'),
(733, 886, 134.59, 289, 621, 0, '2019-01-13'),
(441, 233, 182.03, 348, 1144, 2, '2018-09-23'),
(283, 545, 42.04, 496, 828, 1, '2018-10-23'),
(169, 611, 74.08, 298, 846, 0, '2017-08-18'),
(135, 899, 43.35, 393, 424, 0, '2022-01-28'),
(574, 278, 14.13, 94, 1275, 1, '2010-05-29'),
(878, 471, 105.45, 493, 902, 1, '2014-07-11'),
(692, 67, 43.86, 401, 196, 0, '2012-04-06'),
(162, 232, 160.34, 218, 1302, 2, '2010-12-05'),
(669, 595, 107.76, 413, 194, 2, '2021-05-01'),
(55, 796, 169.43, 302, 533, 2, '2023-05-15'),
(243, 135, 185.04, 43, 416, 1, '2016-05-19'),
(788, 264, 26.65, 138, 761, 1, '2015-01-14'),
(882, 60, 178.46, 54, 939, 2, '2019-05-14'),
(193, 257, 138.3, 162, 515, 1, '2013-10-12'),
(160, 111, 68.29, 226, 354, 2, '2022-10-18'),
(922, 38, 29.2, 49, 1011, 2, '2013-08-06'),
(556, 805, 118.4, 110, 1249, 0, '2022-12-29'),
(360, 753, 77.11, 421, 600, 2, '2019-02-18'),
(8, 223, 141.32, 121, 910, 2, '2019-11-12'),
(932, 695, 148.8, 202, 1158, 0, '2015-05-11'),
(215, 734, 122.84, 206, 1076, 2, '2011-10-08'),
(976, 630, 11.42, 179, 643, 2, '2010-12-05'),
(867, 650, 123.04, 314, 542, 0, '2017-01-10'),
(639, 326, 98.22, 10, 653, 1, '2021-12-02'),
(372, 236, 167.48, 402, 765, 0, '2014-10-22'),
(507, 488, 144.81, 56, 1238, 2, '2010-05-25'),
(22, 823, 9.34, 260, 731, 2, '2012-02-02'),
(256, 204, 69.71, 262, 1131, 1, '2015-08-02'),
(337, 478, 132.17, 480, 951, 0, '2020-06-07'),
(61, 933, 172.17, 291, 1164, 0, '2016-04-09'),
(434, 247, 65.76, 143, 476, 1, '2013-07-25'),
(47, 147, 58.49, 30, 618, 1, '2013-05-20'),
(760, 979, 106.94, 174, 548, 1, '2017-10-04'),
(870, 108, 164.1, 111, 664, 1, '2021-01-01'),
(817, 642, 51.76, 212, 633, 0, '2021-07-11'),
(680, 696, 12.47, 421, 228, 2, '2012-01-19'),
(607, 614, 124.07, 374, 724, 0, '2014-06-15'),
(613, 274, 91.97, 113, 1270, 0, '2022-05-11'),
(618, 156, 31.63, 13, 631, 0, '2013-06-23'),
(301, 449, 173.37, 54, 1304, 2, '2010-03-30'),
(713, 902, 105.05, 398, 903, 2, '2014-07-06'),
(95, 982, 179.71, 58, 1186, 0, '2013-10-15'),
(604, 841, 9.69, 484, 1118, 1, '2021-08-06'),
(688, 347, 174.5, 199, 646, 0, '2014-10-17'),
(321, 148, 16.47, 148, 1064, 1, '2012-02-23'),
(93, 57, 6.46, 408, 923, 1, '2016-03-22'),
(349, 290, 105.46, 173, 764, 1, '2015-12-10'),
(322, 181, 141.77, 32, 1128, 2, '2014-10-13'),
(447, 294, 75.89, 311, 172, 1, '2022-09-08'),
(795, 586, 91.53, 76, 1052, 2, '2023-07-15'),
(942, 664, 136.42, 222, 941, 1, '2014-07-30'),
(719, 576, 12.22, 97, 557, 2, '2014-03-19'),
(691, 669, 74.24, 279, 1238, 2, '2014-04-30'),
(64, 719, 71.39, 147, 664, 1, '2021-07-09'),
(727, 861, 129.55, 82, 329, 2, '2016-12-03'),
(184, 569, 40.27, 115, 947, 2, '2017-07-25'),
(822, 211, 0.35, 211, 218, 0, '2011-04-12'),
(393, 333, 114.66, 7, 950, 1, '2022-07-15'),
(771, 785, 160.56, 283, 420, 1, '2019-01-25'),
(704, 931, 88.8, 69, 1252, 2, '2013-03-03'),
(979, 700, 28.12, 412, 1184, 0, '2014-07-25'),
(497, 842, 69.52, 355, 480, 1, '2013-10-10'),
(526, 689, 24.6, 294, 1080, 2, '2013-03-18'),
(90, 141, 169.0, 41, 296, 2, '2010-03-12'),
(800, 858, 115.49, 407, 989, 2, '2018-09-28'),
(711, 33, 150.55, 291, 996, 0, '2013-11-19'),
(975, 540, 114.07, 56, 978, 2, '2010-12-22'),
(291, 84, 90.11, 103, 650, 1, '2017-08-03'),
(124, 737, 104.78, 335, 1212, 1, '2015-02-13'),
(118, 659, 87.33, 261, 869, 1, '2016-05-15'),
(1, 603, 84.73, 355, 387, 0, '2019-01-05'),
(86, 606, 130.76, 281, 908, 2, '2021-03-17'),
(7, 883, 149.1, 154, 1359, 0, '2011-08-12'),
(499, 768, 164.2, 297, 211, 2, '2014-12-22'),
(188, 139, 9.46, 297, 650, 0, '2023-09-21'),
(681, 284, 125.9, 239, 584, 1, '2019-07-06'),
(161, 758, 182.8, 380, 573, 2, '2012-03-04'),
(206, 219, 134.25, 129, 811, 2, '2014-05-11'),
(97, 887, 97.09, 73, 549, 2, '2021-07-17'),
(448, 909, 12.72, 211, 471, 2, '2011-03-11'),
(849, 203, 142.48, 68, 831, 0, '2017-05-09'),
(838, 626, 56.46, 231, 1094, 1, '2022-07-27'),
(585, 772, 122.5, 453, 425, 0, '2012-11-03'),
(214, 671, 34.44, 143, 1100, 1, '2013-09-11'),
(361, 104, 171.99, 125, 655, 1, '2015-06-17'),
(550, 656, 138.63, 344, 1100, 1, '2019-07-19'),
(451, 44, 30.82, 498, 1161, 1, '2012-12-20'),
(786, 238, 131.33, 410, 1334, 1, '2018-04-05'),
(384, 983, 164.43, 456, 697, 0, '2011-01-30'),
(540, 688, 50.5, 270, 531, 2, '2013-07-09'),
(176, 765, 178.63, 421, 1129, 0, '2021-05-16'),
(121, 421, 110.02, 338, 505, 1, '2011-02-21'),
(606, 947, 131.21, 370, 325, 2, '2012-09-30'),
(362, 401, 108.39, 109, 1236, 1, '2014-01-20'),
(592, 302, 184.19, 143, 297, 0, '2018-06-16'),
(338, 607, 32.51, 141, 750, 1, '2022-09-24'),
(547, 131, 12.74, 103, 396, 0, '2012-03-10'),
(346, 378, 43.91, 320, 1203, 1, '2021-07-06'),
(709, 61, 135.52, 122, 1071, 0, '2010-10-14'),
(106, 288, 173.62, 197, 634, 2, '2021-06-25'),
(966, 660, 90.71, 5, 1134, 2, '2013-07-28'),
(508, 938, 3.59, 7, 1299, 1, '2020-07-26'),
(723, 762, 102.46, 500, 790, 1, '2016-04-16'),
(378, 717, 34.76, 366, 412, 0, '2019-03-10'),
(198, 580, 150.77, 2, 686, 1, '2023-03-01'),
(694, 810, 108.98, 263, 1193, 2, '2011-12-30'),
(682, 998, 27.58, 197, 253, 0, '2012-10-01'),
(770, 423, 125.69, 473, 706, 1, '2012-05-17'),
(965, 381, 32.76, 149, 1254, 1, '2023-09-28'),
(392, 282, 23.26, 387, 1331, 0, '2017-05-02'),
(865, 831, 172.43, 461, 228, 2, '2020-07-11'),
(940, 694, 168.26, 91, 1114, 1, '2010-04-21'),
(368, 85, 80.43, 465, 547, 2, '2014-07-08'),
(427, 566, 128.57, 497, 388, 1, '2013-04-09'),
(88, 589, 109.8, 233, 580, 2, '2024-01-08'),
(622, 844, 102.65, 144, 962, 0, '2016-03-28'),
(884, 851, 94.81, 96, 1113, 2, '2012-10-29'),
(429, 205, 171.05, 473, 969, 1, '2012-07-13'),
(54, 639, 4.42, 88, 1186, 2, '2014-10-31'),
(464, 249, 103.96, 467, 1360, 2, '2017-05-30'),
(808, 415, 158.03, 435, 468, 0, '2015-07-29'),
(351, 922, 155.77, 211, 1367, 0, '2023-01-25'),
(605, 184, 96.52, 14, 421, 1, '2010-07-07'),
(152, 349, 90.48, 87, 1098, 1, '2018-10-24'),
(833, 391, 184.78, 319, 255, 1, '2021-09-10'),
(350, 83, 133.97, 430, 363, 2, '2022-06-26'),
(983, 480, 78.28, 311, 160, 0, '2022-09-10'),
(71, 777, 133.11, 268, 1105, 1, '2010-05-16'),
(712, 142, 168.6, 212, 275, 1, '2018-02-22'),
(734, 228, 15.76, 163, 1114, 2, '2010-12-15'),
(923, 744, 165.6, 446, 310, 0, '2011-11-30'),
(428, 336, 104.54, 134, 221, 1, '2013-11-01'),
(515, 565, 22.45, 75, 734, 1, '2011-11-13'),
(504, 524, 131.14, 49, 1220, 2, '2019-11-05'),
(467, 134, 175.53, 119, 719, 0, '2023-01-07'),
(290, 747, 43.42, 381, 601, 1, '2013-02-23'),
(192, 441, 10.9, 341, 782, 2, '2016-07-06'),
(566, 994, 38.87, 30, 386, 2, '2020-09-20'),
(660, 36, 153.5, 284, 1408, 0, '2012-05-10'),
(758, 117, 14.17, 15, 1233, 2, '2020-10-09'),
(420, 103, 50.99, 290, 378, 1, '2015-10-01'),
(828, 246, 95.35, 313, 304, 0, '2013-05-04'),
(370, 63, 35.59, 175, 819, 1, '2014-07-25'),
(410, 845, 143.29, 396, 486, 0, '2012-02-14'),
(273, 510, 3.94, 184, 1312, 1, '2021-12-14'),
(860, 679, 86.7, 21, 1024, 2, '2011-01-08'),
(234, 432, 167.99, 188, 869, 1, '2022-05-29'),
(151, 918, 167.71, 190, 750, 1, '2015-07-17'),
(909, 214, 113.42, 328, 1255, 1, '2013-12-29'),
(619, 25, 39.95, 125, 737, 2, '2011-06-29'),
(686, 627, 163.78, 492, 1271, 1, '2014-05-30'),
(554, 570, 91.7, 323, 1268, 1, '2018-04-21'),
(962, 321, 106.19, 217, 1199, 1, '2015-12-15'),
(896, 171, 133.93, 6, 1353, 1, '2022-08-16'),
(972, 761, 44.9, 33, 962, 1, '2016-06-17'),
(915, 8, 31.37, 175, 224, 0, '2020-07-26'),
(228, 206, 64.35, 392, 596, 0, '2010-05-24'),
(626, 210, 11.32, 211, 162, 2, '2016-11-24'),
(848, 221, 84.1, 262, 170, 1, '2011-10-08'),
(697, 702, 89.0, 225, 227, 0, '2011-08-01'),
(645, 150, 175.47, 99, 359, 2, '2023-04-26'),
(336, 151, 138.49, 95, 547, 2, '2017-02-08'),
(600, 752, 81.68, 232, 566, 2, '2017-04-21'),
(377, 978, 152.39, 474, 1127, 1, '2019-02-28'),
(12, 949, 165.83, 2, 841, 1, '2010-01-29'),
(83, 315, 105.11, 420, 1323, 1, '2023-12-26'),
(578, 820, 128.6, 50, 742, 1, '2010-01-24'),
(40, 721, 27.2, 217, 915, 1, '2016-09-22'),
(11, 130, 120.62, 325, 1304, 0, '2011-05-23'),
(799, 114, 123.15, 293, 578, 1, '2023-04-22'),
(116, 313, 171.3, 330, 742, 0, '2020-02-20'),
(24, 653, 108.79, 477, 1013, 2, '2024-01-10'),
(832, 643, 173.45, 113, 416, 1, '2021-10-25'),
(78, 9, 121.03, 417, 1146, 0, '2011-07-25'),
(657, 596, 133.17, 142, 573, 0, '2016-01-16'),
(567, 878, 39.66, 169, 1088, 1, '2021-10-05'),
(417, 988, 179.95, 153, 987, 1, '2021-06-18'),
(982, 458, 85.39, 315, 1225, 2, '2012-07-11'),
(110, 628, 6.24, 296, 394, 0, '2021-10-14'),
(956, 62, 105.24, 382, 1075, 2, '2010-08-18'),
(133, 224, 148.36, 288, 794, 2, '2019-07-25'),
(949, 767, 95.94, 156, 1240, 2, '2020-07-27'),
(990, 958, 170.03, 29, 422, 2, '2022-05-04'),
(205, 140, 60.27, 282, 481, 1, '2013-09-22'),
(944, 635, 131.74, 453, 612, 0, '2015-10-20'),
(261, 503, 107.97, 453, 169, 0, '2011-06-19'),
(762, 485, 1.58, 426, 394, 1, '2015-05-12'),
(43, 112, 49.6, 163, 482, 0, '2020-10-11'),
(153, 3, 123.82, 96, 593, 1, '2019-01-11'),
(943, 289, 34.27, 494, 1111, 0, '2018-09-05'),
(529, 185, 150.65, 196, 650, 1, '2023-05-26'),
(541, 499, 74.91, 93, 887, 0, '2020-03-10'),
(251, 144, 90.03, 346, 964, 0, '2016-03-30'),
(249, 757, 45.17, 263, 1208, 2, '2021-04-13'),
(527, 968, 112.18, 490, 176, 1, '2013-09-02'),
(385, 593, 131.51, 53, 375, 2, '2022-11-04'),
(299, 79, 175.3, 407, 1319, 1, '2020-05-25'),
(581, 425, 117.05, 262, 1264, 1, '2022-08-11'),
(114, 748, 127.7, 441, 804, 2, '2016-07-20'),
(671, 827, 183.97, 74, 601, 2, '2019-10-23'),
(453, 101, 5.73, 187, 1102, 1, '2022-01-25'),
(512, 32, 152.9, 315, 1060, 0, '2017-06-22'),
(587, 658, 175.03, 284, 1408, 0, '2021-01-25'),
(408, 794, 108.29, 110, 1152, 1, '2018-07-01'),
(524, 822, 52.17, 196, 365, 1, '2021-01-27'),
(637, 779, 132.35, 74, 1160, 1, '2010-04-08'),
(6, 23, 163.84, 204, 342, 0, '2017-02-22'),
(260, 123, 29.55, 190, 374, 2, '2013-06-18'),
(706, 738, 174.44, 463, 520, 0, '2022-08-21'),
(643, 507, 72.97, 120, 294, 0, '2021-06-10'),
(323, 11, 165.24, 201, 801, 1, '2023-12-24'),
(217, 946, 14.66, 202, 932, 1, '2015-12-12'),
(352, 77, 145.14, 256, 869, 0, '2022-01-29'),
(901, 775, 89.2, 429, 453, 0, '2017-07-24'),
(533, 472, 41.23, 142, 609, 1, '2012-12-19'),
(881, 678, 105.33, 235, 694, 0, '2010-06-27'),
(150, 310, 29.1, 314, 167, 2, '2013-01-08'),
(929, 940, 56.48, 205, 1086, 2, '2019-08-28'),
(91, 212, 80.42, 397, 1096, 2, '2022-07-10'),
(306, 254, 171.17, 496, 1110, 1, '2015-08-06'),
(781, 745, 172.22, 442, 1327, 2, '2022-11-06'),
(668, 244, 115.0, 237, 738, 2, '2011-04-14'),
(911, 19, 114.27, 335, 906, 1, '2013-09-05'),
(295, 196, 34.95, 197, 180, 0, '2023-10-25'),
(590, 138, 158.53, 345, 1269, 0, '2012-04-15'),
(565, 52, 174.16, 344, 312, 2, '2017-07-23'),
(259, 900, 8.33, 338, 996, 1, '2015-11-24'),
(777, 107, 53.07, 362, 984, 1, '2017-04-18'),
(233, 459, 24.69, 261, 203, 0, '2017-06-13'),
(825, 198, 133.16, 306, 1313, 0, '2017-08-19'),
(910, 213, 173.24, 66, 1065, 0, '2014-08-17'),
(685, 426, 125.84, 27, 840, 0, '2012-07-12'),
(129, 339, 152.18, 369, 566, 2, '2012-03-10'),
(398, 976, 43.34, 32, 707, 1, '2014-01-26'),
(32, 65, 80.7, 207, 347, 1, '2020-12-06'),
(148, 363, 3.02, 315, 1350, 1, '2012-07-08'),
(229, 469, 48.11, 16, 635, 2, '2016-08-09'),
(871, 498, 40.31, 424, 508, 0, '2020-11-30'),
(791, 726, 122.52, 182, 297, 1, '2010-03-25'),
(684, 354, 43.2, 42, 861, 0, '2019-06-20'),
(939, 699, 185.2, 278, 1039, 2, '2011-03-08'),
(247, 960, 175.7, 39, 171, 2, '2012-08-25'),
(227, 984, 166.1, 432, 932, 0, '2016-10-21'),
(52, 240, 145.7, 109, 318, 0, '2017-11-26'),
(391, 395, 178.1, 290, 343, 2, '2015-12-09'),
(916, 625, 61.92, 495, 328, 1, '2011-10-01'),
(815, 416, 161.67, 353, 559, 2, '2011-02-15'),
(538, 314, 17.34, 78, 511, 2, '2012-01-23'),
(612, 100, 90.72, 290, 515, 0, '2023-09-03'),
(85, 502, 63.53, 379, 487, 1, '2014-08-24'),
(347, 832, 63.93, 276, 579, 0, '2017-12-04'),
(658, 392, 40.44, 199, 614, 2, '2023-01-05'),
(546, 836, 118.34, 452, 485, 1, '2011-06-01'),
(139, 708, 49.19, 66, 1129, 1, '2018-08-05'),
(254, 1000, 4.07, 233, 747, 2, '2014-11-12'),
(69, 829, 174.29, 431, 770, 0, '2011-03-02'),
(996, 497, 182.24, 213, 422, 2, '2021-12-20'),
(310, 484, 86.3, 363, 1095, 2, '2023-07-15'),
(516, 225, 87.76, 492, 1277, 2, '2015-07-06'),
(888, 56, 30.22, 116, 1398, 1, '2017-12-15'),
(166, 750, 175.45, 64, 558, 2, '2012-03-30'),
(221, 312, 159.97, 302, 1094, 0, '2011-09-16'),
(328, 617, 87.46, 296, 703, 1, '2018-04-18'),
(87, 216, 57.11, 193, 652, 0, '2020-07-18'),
(394, 668, 23.85, 358, 420, 2, '2020-09-08'),
(1001, 243, 46.85, 85, 239, 0, '2011-04-19'),
(286, 166, 110.7, 303, 1307, 1, '2021-12-27'),
(701, 51, 157.82, 236, 1044, 1, '2016-07-27'),
(518, 676, 26.86, 428, 603, 2, '2021-07-28'),
(759, 35, 116.55, 4, 275, 2, '2020-02-01'),
(890, 675, 139.62, 176, 1346, 2, '2023-11-20'),
(764, 316, 17.66, 21, 931, 0, '2011-09-03'),
(674, 98, 1.94, 114, 510, 0, '2016-06-09'),
(396, 42, 26.83, 285, 1114, 1, '2010-05-27'),
(576, 756, 1.51, 293, 1333, 2, '2010-02-05'),
(869, 799, 42.51, 262, 1382, 2, '2015-07-18'),
(774, 463, 61.91, 411, 286, 1, '2015-05-12'),
(955, 774, 15.39, 194, 1321, 2, '2010-02-15'),
(457, 460, 94.67, 446, 686, 0, '2017-05-03'),
(648, 118, 149.56, 58, 1352, 0, '2021-12-11'),
(537, 957, 89.86, 257, 573, 2, '2013-04-25'),
(776, 215, 18.59, 454, 195, 1, '2021-12-29'),
(296, 544, 166.8, 386, 460, 2, '2011-12-15'),
(748, 307, 53.03, 93, 544, 0, '2023-01-16'),
(403, 324, 47.93, 29, 768, 1, '2010-12-07'),
(25, 456, 11.52, 84, 702, 2, '2020-10-12'),
(212, 109, 20.77, 326, 733, 0, '2013-10-12'),
(617, 292, 15.34, 405, 505, 1, '2020-08-03'),
(211, 422, 95.84, 151, 855, 2, '2015-09-20'),
(104, 905, 108.05, 344, 982, 2, '2021-06-15'),
(745, 49, 122.39, 358, 271, 2, '2011-12-23'),
(341, 380, 54.42, 252, 667, 2, '2014-10-15'),
(181, 75, 123.55, 224, 1098, 1, '2010-10-13'),
(506, 468, 35.3, 369, 457, 0, '2023-07-21'),
(947, 281, 115.34, 140, 553, 1, '2018-09-21'),
(596, 427, 62.76, 481, 1162, 0, '2014-01-03'),
(255, 407, 174.32, 452, 1387, 0, '2016-09-08'),
(1000, 330, 5.52, 83, 1185, 0, '2017-12-29'),
(213, 782, 111.19, 371, 711, 2, '2011-11-28'),
(677, 412, 22.43, 170, 614, 1, '2021-01-26'),
(201, 105, 48.68, 319, 640, 1, '2019-12-13'),
(343, 800, 26.12, 111, 403, 2, '2016-02-21'),
(766, 329, 172.63, 363, 1110, 2, '2017-01-04'),
(469, 620, 7.8, 147, 1221, 1, '2013-09-19'),
(125, 951, 107.55, 34, 235, 2, '2023-12-21'),
(191, 523, 60.06, 380, 807, 0, '2014-01-02'),
(67, 512, 93.98, 124, 173, 2, '2020-06-04'),
(131, 253, 10.03, 97, 538, 2, '2023-02-25'),
(297, 613, 185.19, 416, 222, 2, '2014-11-24'),
(689, 795, 23.84, 411, 626, 0, '2022-08-07'),
(598, 352, 94.93, 419, 484, 2, '2013-05-24'),
(342, 890, 109.6, 219, 393, 0, '2015-02-12'),
(404, 616, 178.61, 265, 918, 2, '2019-07-17'),
(511, 487, 91.03, 401, 1059, 0, '2011-01-05'),
(491, 374, 50.83, 152, 839, 0, '2012-08-19'),
(751, 81, 108.11, 187, 1055, 0, '2020-09-18'),
(599, 143, 155.36, 76, 968, 2, '2011-06-03'),
(641, 74, 130.01, 343, 1296, 0, '2012-06-26')